0,5,10,20,30,40,50,60,70,80,90,100,110,120,130,140
0,1,6,18,34,40,41,42,43,44,45,46,47,48,49,50
0,1,5,15,16,17,18,19,20,21,22,23,24,25,26,27
0,1,5,10,11,12,13,14,15,16,17,18,19,20,21,22
0,1,6,23,28,29,30,31,32,33,34,35,36,37,38,39
0,1,2,3,4,5,6,7,8,9,10,11,12,13,14,15
0,1,6,18,34,46,49,50,51,52,53,56,59,60,61,62
0,1,7,25,39,53,58,59,60,61,62,63,64,65,66,67
0,1,6,18,19,20,21,22,23,24,25,26,27,28,29,30
0,1,5,19,40,41,42,43,44,45,46,47,48,49,50,51
0,1,2,3,4,5,6,7,8,9,10,11,12,13,14,19
0,1,6,20,21,22,23,24,25,26,27,28,29,33,34,35
0,1,7,17,18,19,20,21,22,23,24,25,26,38,39,43
0,1,5,21,36,44,45,46,47,48,49,50,51,52,53,54
0,1,6,11,12,13,14,15,16,17,18,19,20,24,25,26
0,1,2,3,4,5,6,7,8,9,10,11,12,13,21,36
0,1,9,25,35,36,37,38,39,40,41,42,43,44,45,46
0,1,7,8,9,10,11,12,13,14,15,17,36,44,45,46
0,1,7,10,11,12,13,14,15,16,19,35,37,38,39,57
0,1,6,20,41,50,51,52,53,54,55,56,57,58,59,60
0,1,6,7,8,10,27,30,31,32,33,34,35,36,37,38
0,1,5,9,10,11,12,13,14,15,16,17,18,24,40,56
0,1,5,20,34,51,52,53,54,59,60,61,62,64,78,93
0,1,6,7,8,9,10,11,12,13,14,15,16,17,18,19
0,1,8,23,28,29,30,31,32,33,34,35,36,37,38,39
0,1,2,3,4,5,6,7,8,9,10,11,12,13,14,15
0,1,7,10,11,12,13,14,15,16,17,18,19,20,21,22
0,1,6,21,29,30,31,32,33,34,35,36,37,38,39,40
0,1,7,21,22,23,24,25,26,27,28,29,30,31,32,33
0,1,2,3,4,5,6,7,8,9,10,11,12,13,14,15
0,1,6,21,27,28,29,30,31,32,33,34,35,36,37,38
0,1,5,15,16,17,18,19,20,21,22,31,44,45,46,47
0,1,6,16,17,18,19,20,21,22,23,24,25,26,27,28
0,1,6,9,10,11,12,13,14,15,16,17,18,19,20,21
0,1,2,3,4,5,6,7,8,9,10,11,12,31,32,33
0,1,6,22,33,34,35,36,37,38,39,40,41,42,43,44
0,1,7,23,24,25,26,27,28,29,30,31,32,60,61,62
0,1,4,5,6,7,8,9,10,11,12,13,14,15,16,17
0,1,6,20,32,44,48,49,50,51,52,53,54,55,56,57
0,1,7,15,16,17,18,19,20,21,22,23,24,25,26,27
0,1,7,9,10,11,12,13,14,15,16,17,18,19,20,21
0,1,7,22,27,28,29,30,31,32,33,34,35,36,37,58
0,1,8,25,39,55,70,71,72,73,74,75,76,77,78,79
0,1,7,11,12,13,14,15,16,17,18,19,20,25,45,46
0,1,6,19,31,32,33,34,36,37,38,39,40,41,42,43
0,1,6,21,40,54,65,66,67,68,69,70,71,72,77,78
0,1,7,10,11,12,13,14,15,16,17,18,19,20,22,33
0,1,6,19,27,28,29,30,31,32,33,34,35,36,37,38
0,1,7,23,36,53,54,55,56,57,58,59,60,61,62,63
0,1,6,22,25,26,27,28,29,30,31,32,33,43,45,69
0,1,7,22,31,32,33,34,35,36,37,50,75,76,77,78
0,1,4,5,6,7,8,9,10,11,16,36,40,41,42,43
0,1,6,20,21,22,23,24,25,26,27,28,29,30,31,32
0,1,6,21,22,23,39,48,50,51,52,53,58,59,60,61
0,1,6,20,21,22,23,24,25,26,27,28,29,30,31,32
0,1,4,5,6,7,8,9,10,11,12,13,14,15,16,17
0,1,6,19,32,37,38,39,40,41,42,43,50,51,52,62
0,1,6,22,32,33,34,35,43,44,45,46,47,48,49,50
0,1,2,3,4,5,6,7,8,9,10,33,34,35,36,37
0,1,7,22,37,40,41,42,43,44,45,46,47,48,49,57
0,1,5,6,7,8,9,19,20,21,22,23,24,25,31,49
0,1,7,21,34,35,36,37,38,39,40,41,42,43,44,45
0,1,6,20,24,25,26,27,28,29,30,31,32,33,34,45
0,1,7,23,39,51,52,53,60,61,62,63,64,65,66,67
0,1,7,21,22,23,24,25,27,40,41,42,43,44,45,46
0,1,2,3,4,5,6,7,8,37,38,39,40,41,42,43
0,1,6,15,16,17,18,19,20,21,22,23,24,25,26,44
0,1,7,19,25,26,27,28,29,30,31,32,33,34,35,36
0,1,6,22,40,54,61,62,63,64,65,66,67,68,69,70
0,1,7,21,38,51,67,73,79,80,81,82,83,86,87,88
0,1,6,19,28,29,30,31,32,33,34,35,36,37,38,39
0,1,6,8,9,10,11,12,13,14,15,16,17,18,19,20
0,1,6,21,22,23,24,25,26,27,28,29,58,59,60,63
0,1,5,7,8,9,10,17,28,29,30,31,32,33,34,35
0,1,2,3,4,5,6,7,8,9,10,11,12,13,24,25
0,1,7,14,15,16,17,18,19,20,21,22,23,24,25,26
0,1,6,21,24,25,26,27,28,29,30,31,32,33,34,35
0,1,6,17,18,19,20,21,22,23,24,25,26,27,28,46
0,1,6,24,27,28,29,30,31,32,33,34,35,36,37,38
0,1,6,16,17,18,19,20,21,22,23,24,25,26,35,48
0,1,7,24,36,46,47,48,49,50,51,52,53,54,55,56
0,1,6,22,28,29,30,31,32,33,34,35,36,37,38,39
0,1,7,16,17,18,23,24,25,26,27,42,46,47,48,49
0,1,6,18,19,20,21,22,36,37,38,57,58,59,60,61
0,1,7,21,24,25,26,27,28,29,30,31,32,33,34,41
0,1,8,24,25,26,27,28,29,30,31,32,33,34,35,36
0,1,7,21,22,23,24,25,26,27,28,29,30,31,32,33
0,1,7,24,39,40,41,42,43,44,45,46,47,48,49,50
0,1,5,22,33,51,52,53,54,55,56,57,58,59,60,61
0,1,6,20,31,53,58,59,60,61,62,63,64,65,66,67
0,1,7,8,9,10,11,12,13,14,15,16,17,18,19,20
0,1,6,21,26,27,28,29,30,31,32,33,41,45,46,47
0,1,7,10,11,12,13,14,15,16,17,18,19,20,21,22
0,1,5,22,27,28,29,32,53,60,61,62,63,64,65,68
0,1,7,22,36,52,64,65,66,67,68,69,75,76,77,78
0,1,5,12,13,14,15,16,17,18,19,20,21,22,23,24
0,1,7,24,32,33,34,35,36,37,38,39,40,41,42,43
0,1,6,20,31,32,33,34,35,36,37,38,39,40,41,42
0,1,5,22,26,27,28,29,30,31,32,33,34,35,36,51
0,1,6,19,38,49,50,51,52,53,54,55,56,57,58,59
0,1,7,19,35,51,55,56,57,58,59,60,61,62,63,85
0,1,6,24,41,54,55,56,57,58,59,60,61,62,63,64
0,1,6,23,30,31,32,33,34,35,36,37,56,57,58,59
0,1,6,21,31,32,33,34,35,36,37,38,39,40,41,42
0,1,6,20,24,25,26,27,28,29,30,31,32,33,34,38
0,1,7,8,9,10,11,12,13,14,15,16,17,18,19,20
0,1,2,3,4,5,6,52,55,56,65,66,67,68,69,84
0,1,6,13,14,15,16,17,18,19,20,21,22,23,24,25
0,1,7,20,22,23,24,25,26,27,28,33,36,42,46,47
0,1,7,22,32,33,34,35,36,37,38,39,40,41,42,43
0,1,6,7,8,9,10,11,12,13,14,15,16,17,18,19
0,1,7,21,29,30,31,32,33,34,35,36,37,38,39,40
0,1,7,23,24,25,26,27,28,29,30,31,32,33,50,67
0,1,5,24,38,49,50,51,68,69,70,71,72,73,74,76
0,1,6,24,37,43,44,45,46,47,48,49,59,60,61,62
0,1,7,20,21,22,23,24,25,26,27,28,36,37,38,39
0,1,7,20,38,41,45,46,47,48,49,50,51,52,53,59
0,1,7,8,9,10,24,41,42,43,44,45,46,47,48,49
0,1,5,22,36,38,39,40,41,42,43,44,45,46,57,65
0,1,6,20,21,29,30,31,32,33,34,35,36,37,38,39
0,1,7,15,16,17,18,19,20,21,22,23,24,25,26,27
0,1,7,12,13,14,15,16,17,18,19,20,21,58,59,60
0,1,7,20,34,49,50,51,52,53,54,55,56,57,58,59
0,1,6,21,35,36,37,38,39,40,41,42,43,44,45,46
0,1,6,13,14,15,16,17,18,30,43,44,45,46,47,48
0,1,5,22,23,38,39,40,41,42,43,44,45,46,47,48
0,1,6,20,35,53,54,55,56,57,58,59,60,61,62,63
0,1,6,21,27,28,29,30,31,32,33,34,35,38,49,50
0,1,2,3,4,5,6,7,8,9,10,11,12,13,14,15
0,1,7,22,36,37,38,39,40,41,42,43,44,45,46,47
0,1,7,21,24,25,26,27,28,29,30,31,39,40,41,42
0,1,5,22,38,45,46,47,48,49,50,51,52,53,54,55
0,1,7,24,41,42,43,44,45,46,47,48,49,50,51,56
0,1,7,9,10,11,12,13,14,15,16,17,18,19,20,21
0,1,6,20,25,26,27,28,29,30,39,43,44,48,53,70
0,1,6,21,37,41,42,43,51,55,56,57,58,59,60,61
0,1,7,15,16,17,18,19,20,21,22,23,24,25,26,27
0,1,7,22,37,38,39,40,41,42,43,44,45,46,47,48
0,1,6,22,37,51,65,78,80,81,82,83,84,85,86,87
0,1,5,22,38,44,45,46,47,48,49,50,52,64,72,73
0,1,7,23,41,42,43,44,45,46,47,52,53,54,55,56
0,1,4,5,6,7,8,9,10,11,12,13,14,15,16,17
0,1,6,8,9,10,11,12,13,14,15,16,17,18,19,20
0,1,6,21,22,23,24,28,29,30,31,33,34,35,36,43
0,1,6,25,26,27,28,29,30,31,32,33,34,35,36,37
0,1,2,3,4,5,6,7,8,9,10,11,12,13,14,22
0,1,7,24,39,46,47,48,49,50,51,52,53,54,55,56
0,1,6,23,36,44,45,46,47,52,68,80,81,82,83,84
0,1,7,11,12,13,14,15,16,17,18,19,20,21,22,32
0,1,3,4,5,6,7,8,9,10,11,12,13,14,15,18
0,1,5,16,17,18,19,20,33,54,55,56,57,58,59,60
0,1,5,7,8,9,10,11,12,13,14,15,30,31,32,62
0,1,8,9,10,11,12,13,14,15,16,22,23,24,25,26
0,1,7,17,18,19,20,21,22,23,24,34,52,57,58,69
0,1,7,21,35,43,49,50,51,52,53,54,55,56,57,58
0,1,7,19,20,21,22,23,24,25,26,27,28,29,30,31
0,1,7,22,33,34,35,36,37,38,45,46,47,48,49,50
0,1,6,7,8,9,10,11,12,13,14,15,16,17,18,19
0,1,6,21,26,27,28,29,30,31,32,33,34,35,36,37
0,1,6,22,36,37,38,40,41,42,43,44,45,46,47,48
0,1,3,4,5,6,7,8,9,10,11,12,13,14,15,16
0,1,7,16,17,18,19,20,21,22,23,24,25,26,29,57
0,1,7,20,28,29,30,31,32,33,34,35,36,37,38,39
0,1,7,21,25,26,27,28,29,30,31,32,39,52,53,54
0,1,2,3,4,5,6,7,8,9,30,35,36,37,45,46
0,1,8,23,35,51,52,53,54,55,56,57,58,59,60,61
0,1,7,24,41,52,53,54,55,56,57,58,59,60,62,63
0,1,6,21,34,36,37,38,39,40,41,42,43,44,45,46
0,1,6,16,17,18,19,20,21,22,23,24,25,26,27,28
0,1,7,9,10,11,12,13,14,15,16,17,18,19,20,25
0,1,7,21,37,38,39,40,41,42,43,44,45,46,47,48
0,1,6,21,25,26,27,28,29,30,31,32,33,34,35,36
0,1,5,20,37,53,59,60,61,62,63,64,65,66,67,68
0,1,7,17,40,43,44,45,46,47,56,60,61,62,63,64
0,1,2,3,4,5,6,7,8,9,10,11,12,13,43,44
0,1,5,21,22,23,24,25,26,27,28,29,30,31,37,44
0,1,2,3,4,5,6,7,8,9,10,11,12,46,59,60
0,1,7,16,17,18,19,20,21,22,23,60,61,62,63,64
0,1,6,19,20,21,22,23,24,25,26,35,36,37,41,52
0,1,8,23,24,25,26,27,28,29,30,31,32,33,34,35
0,1,7,21,22,23,24,25,26,27,28,29,30,31,32,46
0,1,6,21,36,37,38,39,40,41,42,43,44,45,46,81
0,1,7,24,31,32,33,34,35,36,37,38,39,40,41,42
0,1,6,8,9,10,11,12,13,14,15,16,17,18,19,20
0,1,8,22,28,29,30,31,32,33,34,35,36,37,38,39
0,1,5,20,32,33,34,35,36,37,38,39,40,41,42,43
0,1,6,20,21,22,23,24,25,26,27,43,45,46,47,48
0,1,6,21,36,53,56,57,58,59,60,61,62,63,64,65
0,1,7,12,13,14,15,16,17,18,19,20,21,22,23,24
0,1,6,12,13,14,15,16,18,37,38,39,40,41,42,43
0,1,6,22,23,24,25,26,28,51,62,63,64,65,76,77
0,1,6,7,8,9,10,11,12,13,14,15,16,17,18,21
0,1,6,12,13,14,15,16,27,28,29,30,31,32,33,34
0,1,6,20,34,38,39,40,41,42,43,44,45,46,47,48
0,1,6,14,15,16,17,27,30,31,37,38,39,40,41,42
0,1,6,20,26,27,28,29,30,31,32,33,34,35,36,46
0,1,6,19,37,38,39,40,41,42,43,44,45,46,47,49
0,1,7,23,37,38,44,45,55,56,57,58,59,60,61,75
0,1,2,3,4,5,6,7,8,9,10,11,12,20,25,39
0,1,5,22,23,24,25,26,27,28,29,30,31,32,55,56
0,1,6,23,36,50,51,52,53,54,55,56,57,58,59,73
0,1,6,22,33,34,35,36,37,42,55,66,67,83,84,85
0,1,7,24,32,33,34,35,36,37,38,39,40,41,42,43
0,1,5,18,19,20,21,22,23,24,25,26,27,28,51,52
0,1,6,14,15,16,17,18,19,20,21,22,23,29,42,43
0,1,7,21,34,48,50,51,52,53,54,55,56,57,58,59
0,1,7,16,17,18,19,20,21,22,23,24,25,26,39,66
0,1,6,19,33,38,39,40,41,42,43,44,88,89,90,94
0,1,5,20,29,30,31,32,33,34,35,36,37,38,39,59
0,1,5,21,34,35,36,37,43,44,45,46,47,48,49,50
0,1,5,20,38,45,46,47,48,49,50,51,52,53,54,55
0,1,6,15,16,17,18,19,20,21,22,23,24,25,26,27
0,1,5,20,38,39,40,41,42,43,44,45,46,47,61,62
0,1,8,15,16,17,18,19,20,21,22,23,24,25,26,31
0,1,7,22,33,34,35,36,63,64,70,71,72,73,74,75
0,1,6,24,28,29,30,31,32,33,34,37,47,48,49,65
0,1,6,19,36,40,41,42,43,44,45,46,47,50,51,52
0,1,7,14,15,16,17,18,19,20,21,22,23,24,25,26
0,1,6,19,35,41,42,43,44,45,46,47,48,49,50,51
0,1,5,22,27,28,29,30,31,32,33,34,35,36,37,38
0,1,8,21,22,23,24,25,26,27,28,29,30,46,47,48
0,1,5,6,7,8,9,10,11,12,13,14,15,16,17,18
0,1,7,19,20,21,22,23,24,25,26,27,28,29,30,31
0,1,7,21,35,40,41,42,43,44,45,46,47,48,49,50
0,1,7,13,14,15,16,17,18,19,20,33,42,43,44,58
0,1,2,3,4,5,6,7,8,9,10,11,12,13,14,15
0,1,6,25,38,39,40,41,42,43,44,45,46,57,58,59
0,1,2,3,4,5,6,7,8,9,10,11,12,13,14,23
0,1,6,14,15,16,17,18,19,20,21,22,23,24,25,28
0,1,6,21,27,28,29,30,31,32,33,34,35,36,37,38
0,1,6,18,22,23,24,25,26,27,28,29,31,32,33,34
0,1,7,21,33,34,35,36,37,38,39,40,41,42,43,44
0,1,6,21,26,27,28,29,30,31,32,33,38,39,49,69
0,1,5,16,17,18,19,29,32,33,34,35,36,37,38,39
0,1,5,21,35,52,63,64,65,66,67,68,69,70,71,72
0,1,6,20,21,22,23,24,25,26,27,36,44,45,46,53
0,1,7,22,26,27,28,29,30,31,32,33,40,54,55,56
0,1,7,16,17,18,19,20,21,22,23,24,40,41,42,43
0,1,7,22,25,26,27,28,29,30,31,32,33,34,35,36
0,1,2,3,4,5,6,7,8,9,10,11,12,13,14,15
0,1,2,3,4,5,6,7,8,9,10,11,12,13,14,15
0,1,6,23,27,28,29,30,31,32,33,34,35,36,37,38
0,1,6,18,19,20,21,22,23,24,25,26,27,28,43,51
0,1,5,6,7,8,9,10,11,12,13,14,15,16,17,18
0,1,3,4,5,6,7,8,9,10,11,26,40,56,59,60
0,1,6,16,17,18,23,24,25,26,27,28,29,30,31,32
0,1,6,22,41,55,56,57,58,59,60,61,62,63,64,65
0,1,6,21,22,23,24,25,26,27,28,29,33,44,45,46
0,1,2,3,4,5,6,7,14,15,16,17,33,34,35,36
0,1,5,22,34,35,36,37,38,39,40,41,54,55,56,57
0,1,2,3,4,5,6,7,8,9,10,11,12,13,14,15
0,1,9,23,42,52,53,54,55,56,57,58,59,60,61,62
0,1,6,21,22,23,35,54,63,64,65,66,68,69,70,71
0,1,5,19,20,21,22,23,24,25,26,27,28,29,30,31
0,1,5,6,7,8,9,10,11,12,13,14,15,16,17,18
0,1,7,10,11,12,13,14,15,16,17,18,19,20,21,25
0,1,8,22,26,27,28,29,30,31,32,33,34,35,36,72
0,1,7,23,32,33,34,35,36,40,41,42,43,44,45,58
0,1,8,23,39,53,70,71,72,73,74,75,77,78,79,80
0,1,2,3,4,5,6,7,8,9,10,11,12,13,14,15
0,1,7,18,32,33,34,35,36,37,38,39,40,41,53,54
0,1,6,22,30,31,32,33,34,35,36,37,38,39,40,41
0,1,5,16,17,18,19,20,21,31,54,55,56,57,58,59
0,1,7,18,31,32,33,34,35,36,37,38,39,40,41,42
0,1,10,26,35,36,37,38,39,40,41,42,43,44,45,46
0,1,7,21,22,23,24,25,26,27,28,29,30,31,32,33
0,1,7,21,38,44,45,46,47,48,53,54,55,56,63,64
0,1,6,21,26,27,28,29,30,31,32,33,34,35,36,37
0,1,7,12,13,14,15,16,17,18,19,20,21,22,23,24
0,1,6,21,33,34,35,36,37,38,39,40,41,42,43,44
0,1,7,18,19,20,21,22,23,24,25,26,55,56,57,58
0,1,4,5,6,7,8,9,10,11,12,13,14,15,16,17
0,1,8,20,34,52,67,68,69,70,71,72,73,74,75,76
0,1,2,3,4,5,6,7,8,9,10,11,12,13,14,15
0,1,5,6,7,8,9,10,11,12,13,14,15,16,17,71
0,1,7,12,13,14,15,16,17,18,19,20,21,27,41,42
0,1,7,23,37,46,47,48,49,50,51,52,53,54,55,63
0,1,7,24,25,26,27,28,29,30,31,32,33,34,35,36
0,1,6,18,36,45,46,47,48,49,50,51,52,62,69,72
0,1,6,23,24,25,26,27,28,29,30,32,33,34,35,41
0,1,5,23,36,39,40,41,42,43,44,45,46,47,48,49
0,1,7,24,39,49,50,51,52,53,54,55,56,57,58,59
0,1,7,13,14,15,25,26,27,28,29,30,31,32,33,34
0,1,2,3,4,5,6,7,8,9,10,11,12,20,44,65
0,1,5,18,19,20,21,22,23,39,54,55,56,57,58,70
0,1,6,22,39,45,46,47,48,49,50,51,52,67,74,85
0,1,7,22,35,52,65,66,67,68,69,70,71,77,78,79
0,1,7,23,35,36,37,38,39,40,41,42,43,54,55,56
0,1,6,22,25,26,27,28,29,30,32,33,34,35,47,59
0,1,5,6,7,8,9,10,11,12,13,14,15,16,17,18
0,1,6,23,29,30,31,32,33,34,35,36,37,38,39,40
0,1,7,19,20,21,22,23,24,25,26,27,28,29,44,62
0,1,6,16,17,18,19,20,21,22,23,24,25,29,30,31
0,1,7,13,14,15,16,17,18,19,20,21,22,23,24,25
0,1,3,4,5,6,7,8,9,10,11,12,13,20,36,43
0,1,8,11,12,13,14,15,16,17,18,19,21,22,23,24
0,1,6,19,27,28,29,30,31,32,33,34,35,41,42,43
0,1,8,21,38,52,53,54,55,56,57,58,70,76,77,78
0,1,7,14,15,16,17,18,19,20,21,22,26,27,28,51
0,1,6,22,36,39,40,41,42,46,55,63,64,65,72,73
0,1,6,7,8,9,10,11,12,13,14,15,16,17,18,47
0,1,8,19,24,25,26,27,28,29,30,31,32,33,34,35
0,1,6,25,34,35,36,37,38,39,40,41,42,53,54,55
0,1,6,19,35,50,51,52,53,54,55,56,57,58,59,60
0,1,6,9,13,33,36,37,38,39,40,41,42,43,44,45
0,1,2,3,4,5,6,7,8,9,10,11,12,30,43,60
0,1,6,19,30,31,32,33,34,35,36,37,38,39,40,41
0,1,5,19,22,23,24,25,26,27,28,29,30,31,32,33
0,1,8,25,41,44,45,46,47,48,58,59,60,71,80,81
0,1,6,15,16,17,18,23,24,25,37,53,54,55,67,68
0,1,9,23,29,30,31,32,33,34,35,36,37,56,57,59
0,1,6,22,27,33,34,35,36,37,38,39,40,41,42,43
0,1,7,23,36,47,48,49,50,51,52,53,54,55,56,57
0,1,6,18,28,29,30,31,32,33,34,35,36,37,38,39
0,1,8,20,36,37,38,39,40,41,42,43,44,46,47,55
0,1,7,22,34,39,40,41,42,43,44,45,46,47,48,61
0,1,7,23,36,37,38,39,40,41,42,43,50,55,70,71
0,1,4,5,6,7,8,9,10,11,12,13,14,15,16,89
0,1,6,21,36,42,43,44,45,46,47,48,49,50,80,81
0,1,6,22,25,26,27,28,29,30,47,48,49,50,51,52
0,1,2,3,4,5,6,7,8,9,10,11,12,13,14,21
0,1,8,21,22,23,24,25,26,28,29,30,31,32,33,34
0,1,5,21,35,45,46,47,48,49,50,51,52,53,54,55
0,1,7,23,37,38,39,40,41,42,43,44,45,46,47,48
0,1,8,22,30,31,32,33,34,35,36,37,38,39,40,41
0,1,7,10,11,12,13,14,15,16,17,18,19,26,43,56
0,1,6,23,38,40,41,42,43,44,45,46,47,48,49,50
0,1,5,14,15,16,17,18,19,32,51,60,61,62,63,64
0,1,6,22,36,38,39,40,41,47,48,49,50,51,52,53
0,1,7,8,9,10,11,12,13,14,15,16,17,18,19,20
0,1,4,5,6,7,8,9,10,11,12,13,14,15,16,47
0,1,7,23,39,51,52,53,54,55,56,57,58,59,60,61
0,1,8,21,28,29,30,31,32,33,34,35,36,37,38,39
0,1,7,23,37,38,39,40,41,42,43,44,45,46,47,48
0,1,5,20,37,56,59,60,61,62,63,64,65,66,67,68
0,1,6,9,10,11,12,13,14,16,17,18,19,36,48,49
0,1,7,26,31,32,33,34,35,36,37,38,39,40,41,42
0,1,7,24,39,43,44,45,46,47,48,49,50,51,52,53
0,1,5,20,21,22,23,24,25,26,27,28,29,30,31,32
0,1,7,8,9,10,11,12,13,14,15,16,17,18,19,20
0,1,7,16,17,18,19,20,21,22,23,24,25,26,27,28
0,1,7,23,36,40,41,42,43,44,45,54,55,57,76,87
0,1,8,19,20,21,22,23,24,25,26,27,28,29,30,31
0,1,5,18,22,23,24,25,26,27,28,42,45,52,53,54
0,1,6,20,36,53,65,66,67,68,69,73,79,80,88,89
0,1,6,14,15,16,17,18,19,20,21,22,23,27,41,54
0,1,7,21,33,34,35,36,37,38,39,40,41,42,43,44
0,1,7,20,21,22,23,24,25,26,27,28,29,30,31,32
0,1,6,21,35,48,50,51,52,53,54,55,56,66,74,75
0,1,7,16,17,18,19,20,21,22,23,24,25,26,27,28
0,1,6,22,27,28,29,30,31,32,33,34,35,36,37,41
0,1,6,11,12,13,14,15,16,17,18,19,20,21,22,54
0,1,6,21,35,43,44,45,46,47,48,49,50,53,68,69
0,1,6,21,30,31,32,33,34,35,36,37,38,39,47,56
0,1,7,10,11,12,13,14,15,16,17,33,34,35,36,37
0,1,4,5,6,7,8,9,10,11,12,13,14,15,16,17
0,1,7,23,25,26,27,28,29,30,31,32,33,34,35,36
0,1,6,21,27,28,29,30,31,32,33,34,35,36,37,38
0,1,7,24,30,31,32,33,34,35,36,37,38,39,40,41
0,1,3,4,5,6,7,8,9,10,11,12,13,14,15,16
0,1,6,22,30,36,37,38,39,40,41,42,43,44,45,46
0,1,6,19,20,21,22,23,24,25,26,27,28,29,30,31
0,1,5,19,32,33,34,35,36,37,38,39,40,41,42,43
0,1,6,10,11,12,13,14,15,16,17,30,45,68,71,79
0,1,6,23,36,53,60,61,62,63,64,65,66,67,68,69
0,1,6,23,31,32,33,34,35,39,48,49,50,51,52,53
0,1,6,18,19,20,21,22,23,24,25,26,32,48,54,57
0,1,8,20,21,22,23,24,25,26,27,28,29,30,31,41
0,1,8,22,33,34,35,36,37,38,39,40,43,52,59,60
0,1,5,23,34,35,36,37,38,39,40,41,42,43,44,45
0,1,7,19,22,23,24,25,26,27,28,29,30,56,57,58
0,1,6,18,19,20,21,22,23,24,25,26,27,28,29,30
0,1,7,19,20,21,22,23,24,25,26,27,28,29,36,37
0,1,6,20,35,36,37,38,39,40,41,42,43,44,45,46
0,1,6,21,38,45,46,47,48,49,50,51,52,53,54,55
0,1,6,17,18,19,20,21,22,23,24,25,26,29,30,31
0,1,6,19,28,29,30,31,32,33,34,35,36,37,38,46
0,1,7,25,30,31,32,33,34,35,36,37,38,39,40,41
0,1,7,22,37,49,50,51,52,53,54,55,56,57,58,59
0,1,7,23,38,57,72,83,92,93,94,95,96,97,98,99
0,1,6,20,35,36,37,38,39,40,41,42,43,44,45,46
0,1,6,22,23,24,25,26,27,28,29,30,31,32,33,34
0,1,6,7,8,9,10,11,12,13,14,15,16,17,70,73
0,1,5,15,16,17,18,19,20,21,22,23,24,34,35,36
0,1,8,23,39,53,66,67,74,75,76,84,86,87,88,89
0,1,7,24,40,56,72,73,74,75,76,77,78,79,80,81
0,1,7,26,28,29,36,37,38,39,55,57,65,69,70,71
0,1,6,17,18,19,20,21,22,23,24,25,26,27,28,29
0,1,2,3,4,5,6,7,8,9,10,11,12,13,14,15
0,1,6,16,17,18,19,20,21,22,23,24,25,26,27,28
0,1,7,19,20,21,22,23,24,25,26,27,28,29,30,31
0,1,6,20,24,25,26,27,28,29,30,31,32,33,34,61
0,1,5,23,32,33,34,35,36,37,38,39,40,41,42,66
0,1,6,24,39,59,60,61,62,63,64,65,66,67,68,69
0,1,6,20,38,47,48,49,50,51,52,53,54,55,66,84
0,1,6,18,19,20,21,22,23,24,25,26,27,28,29,30
0,1,6,18,34,36,37,38,39,40,41,48,49,52,53,78
0,1,5,21,36,49,62,63,64,65,66,67,68,69,71,89
0,1,2,3,4,5,6,7,8,9,17,30,31,32,33,34
0,1,5,20,30,31,32,33,34,35,36,37,38,39,40,41
0,1,7,21,25,26,27,28,29,30,31,32,33,34,35,37
0,1,6,22,23,24,25,26,27,28,29,30,31,32,41,57
0,1,5,21,38,39,40,41,42,43,44,45,46,47,50,51
0,1,6,19,20,21,22,23,24,25,52,70,71,72,74,75
0,1,6,20,41,52,53,54,55,56,57,58,59,60,61,62
0,1,6,19,29,30,31,32,33,34,35,36,37,38,39,44
0,1,5,19,20,21,22,23,24,25,26,27,28,29,30,31
0,1,7,16,17,18,19,20,21,22,23,24,25,26,27,28
0,1,6,15,16,17,33,54,55,56,57,58,59,68,69,71
0,1,5,9,10,11,12,13,14,19,20,21,22,23,33,34
0,1,7,18,19,20,21,22,23,24,25,26,27,28,29,30
0,1,8,23,38,54,65,66,67,68,69,70,71,72,73,74
0,1,4,21,22,23,24,25,26,27,28,31,32,33,34,35
0,1,6,13,14,15,16,17,18,19,20,21,22,23,24,52
0,1,6,15,16,17,18,19,20,21,22,23,24,25,26,27
0,1,6,24,41,51,52,53,54,55,56,57,58,59,60,61
0,1,7,20,22,23,24,25,26,27,31,32,33,34,35,36
0,1,6,21,32,33,34,35,36,38,39,40,41,42,43,44
0,1,6,18,23,24,25,26,27,28,29,30,31,32,33,34
0,1,6,21,22,23,24,25,26,27,28,29,30,32,33,34
0,1,7,20,31,32,33,34,35,36,37,38,39,40,42,43
0,1,6,20,34,35,36,37,38,39,40,41,42,43,44,45
0,1,8,22,34,35,36,37,38,39,40,41,42,43,44,55
0,1,6,15,16,17,18,19,20,21,22,23,24,25,26,27
0,1,8,21,38,40,41,42,43,44,45,46,47,48,49,50
0,1,7,23,38,40,41,42,43,44,45,46,47,48,49,64
0,1,7,11,12,13,14,15,16,17,18,19,20,21,22,37
0,1,5,6,7,8,9,10,11,12,13,14,15,16,17,18
0,1,8,9,10,11,12,13,14,15,18,24,25,26,27,28
0,1,7,21,41,56,65,66,67,68,69,70,71,72,73,86
0,1,7,20,31,45,47,48,49,50,51,52,53,54,55,56
0,1,6,22,30,31,32,33,34,35,36,37,44,45,46,47
0,1,6,21,25,26,27,28,29,30,31,32,33,34,35,50
0,1,6,14,15,16,17,18,32,45,58,68,82,83,84,85
0,1,6,23,33,34,35,36,37,38,39,40,41,45,46,52
0,1,7,21,35,47,48,49,50,51,52,56,57,58,59,60
0,1,6,22,33,34,35,36,37,38,39,40,41,42,43,44
0,1,9,22,33,34,35,36,37,38,39,40,64,65,66,67
0,1,8,15,16,17,18,19,20,21,22,23,24,25,26,27
0,1,6,23,37,45,46,47,48,49,50,51,52,53,54,69
0,1,6,22,28,29,30,31,32,33,34,35,36,37,38,39
0,1,9,22,28,29,30,31,32,33,34,35,36,37,38,65
0,1,6,23,31,32,33,34,35,36,37,38,39,40,41,42
0,1,5,24,39,46,47,48,49,50,51,52,53,54,57,70
0,1,5,20,36,38,39,40,41,42,43,44,45,46,47,48
0,1,6,25,40,45,46,47,48,49,50,51,52,53,54,55
0,1,3,4,5,6,7,8,33,34,35,36,37,38,39,40
0,1,6,21,37,38,39,40,41,42,43,44,45,46,47,50
0,1,6,21,22,37,38,39,40,41,42,43,44,45,46,47
0,1,6,12,13,14,15,28,29,30,31,32,33,66,74,75
0,1,5,15,16,17,18,19,20,21,22,23,24,25,26,32
0,1,6,12,13,14,15,16,17,18,19,20,21,22,23,24
0,1,2,3,4,5,6,7,8,9,10,11,23,43,47,48
0,1,7,25,34,35,36,37,38,39,40,41,42,43,44,45
0,1,6,12,13,14,15,16,17,18,19,20,21,22,23,24
0,1,8,21,38,45,46,47,48,49,50,51,52,53,54,55
0,1,6,24,42,52,53,54,55,56,57,58,78,79,80,81
0,1,6,20,33,34,35,36,37,38,39,40,41,42,43,44
0,1,7,20,30,31,32,33,34,35,36,37,38,39,40,41
0,1,6,20,38,48,49,50,51,52,53,54,55,56,57,58
0,1,7,21,28,29,30,31,32,33,34,35,57,62,63,64
0,1,4,5,6,7,8,9,10,11,12,13,14,15,16,17
0,1,2,3,4,5,6,7,8,9,10,11,12,13,14,15
0,1,6,20,26,27,28,29,30,40,41,42,43,44,45,46
0,1,6,7,8,9,10,11,12,13,14,15,16,25,39,49
0,1,6,21,28,29,30,31,32,33,34,35,36,62,63,64
0,1,8,23,24,25,26,27,28,29,30,31,32,33,34,35
0,1,7,22,23,24,25,26,27,28,29,30,31,32,37,43
0,1,8,20,30,31,32,33,34,35,36,37,38,39,40,41
0,1,5,19,36,52,53,54,55,56,57,58,59,60,61,62
0,1,6,18,30,32,33,34,35,36,37,38,39,40,41,42
0,1,4,5,6,7,8,9,10,11,12,13,14,15,16,17
0,1,7,18,19,20,21,22,23,24,25,26,28,29,36,37
0,1,2,3,4,5,6,7,8,9,10,11,12,13,14,15
0,1,8,23,38,56,57,58,59,60,61,62,63,64,65,66
0,1,6,20,26,27,28,29,30,31,32,33,34,35,36,37
0,1,7,24,40,56,71,72,73,74,75,76,77,78,79,80
0,1,6,18,21,22,23,24,25,26,27,28,29,30,31,63
0,1,7,22,37,50,51,52,53,54,55,56,57,58,59,60
0,1,6,19,32,36,37,38,39,40,41,42,43,44,45,46
0,1,2,3,4,5,6,7,8,9,10,11,12,13,14,36
0,1,5,20,21,22,23,24,25,26,27,28,32,33,34,35
0,1,5,6,7,8,9,10,11,12,13,14,15,16,17,33
0,1,6,11,12,13,14,15,16,17,32,33,34,35,36,37
0,1,7,21,22,23,24,25,26,27,28,29,30,31,39,54
0,1,6,10,11,12,13,14,15,16,17,18,19,20,21,22
0,1,7,20,21,22,23,24,25,26,27,28,29,30,31,38
0,1,7,24,37,40,41,42,43,55,69,71,72,82,83,84
0,1,5,22,38,39,40,41,42,43,44,45,46,47,55,56
0,1,6,22,35,57,58,59,60,61,62,63,64,65,66,67
0,1,3,4,5,6,7,8,9,10,11,12,13,14,53,54
0,1,6,17,18,19,20,21,22,23,24,25,26,27,29,32
0,1,7,16,17,18,19,20,26,41,61,63,64,65,66,67
0,1,6,21,29,30,31,43,44,45,46,47,48,49,50,51
0,1,6,16,17,18,19,20,21,22,37,39,40,41,42,43
0,1,6,10,11,12,13,14,15,16,17,18,19,20,37,52
0,1,6,8,9,10,11,12,13,14,15,16,17,18,19,27
0,1,5,20,22,23,24,25,26,27,28,29,30,31,32,38
0,1,2,3,4,5,6,7,8,43,51,52,53,54,55,56
0,1,7,20,37,38,39,40,41,42,43,44,45,77,78,79
0,1,5,6,7,8,9,10,11,12,13,14,15,16,17,18
0,1,6,21,37,45,46,47,48,49,50,51,52,53,54,55
0,1,7,23,38,43,44,45,46,47,48,49,50,51,61,81
0,1,5,23,25,26,27,28,29,30,31,32,33,34,48,67
0,1,7,21,32,33,34,35,36,37,38,39,40,41,42,64
0,1,7,20,30,31,32,33,34,35,36,37,38,44,60,61
0,1,5,22,31,35,36,37,38,39,40,41,42,43,44,45
0,1,7,21,22,23,24,35,36,37,38,39,40,41,42,43
0,1,7,26,30,31,32,33,34,35,36,37,38,39,40,41
0,1,2,3,4,5,6,7,8,9,10,11,22,39,55,71
0,1,6,21,35,36,37,38,39,77,87,95,96,97,98,104
0,1,6,21,31,32,33,34,35,36,37,38,39,40,41,42
0,1,7,20,21,22,23,24,37,48,49,50,51,52,54,55
0,1,6,20,21,22,23,24,25,26,33,43,44,45,46,47
0,1,7,9,10,11,12,13,14,15,24,25,26,27,28,39
0,1,7,20,33,50,51,52,53,54,55,56,57,58,59,60
0,1,2,3,4,5,6,7,8,9,10,11,12,13,39,41
0,1,6,20,36,48,49,50,51,52,53,54,55,58,59,60
0,1,6,22,29,30,31,32,33,34,35,36,37,38,39,40
0,1,7,13,14,15,16,17,18,19,20,21,22,23,35,36
0,1,7,22,38,46,47,48,49,50,51,52,53,58,59,60
0,1,8,25,38,39,40,41,42,43,44,45,46,47,48,52
0,1,8,20,21,22,23,24,25,26,27,28,29,30,31,32
0,1,6,21,26,27,28,35,36,37,38,39,40,41,42,43
0,1,6,12,13,14,15,16,17,20,37,51,55,56,57,58
0,1,5,17,36,37,38,39,40,41,42,43,51,52,53,57
0,1,7,17,18,19,20,21,22,23,24,25,26,27,34,51
0,1,7,19,33,34,35,36,37,38,39,40,41,42,43,44
0,1,7,14,15,16,17,18,19,20,21,22,23,49,50,62
0,1,6,20,29,30,31,32,33,34,35,36,37,38,40,58
0,1,6,18,19,20,21,22,23,24,25,26,27,28,29,30
0,1,6,22,36,51,62,63,64,65,66,67,68,69,70,71
0,1,7,24,36,37,38,39,40,41,42,43,44,45,46,47
0,1,6,7,8,9,10,11,12,13,14,15,24,49,64,65
0,1,6,20,37,46,47,48,54,55,56,57,58,59,60,61
0,1,7,21,25,26,27,28,29,41,42,43,44,45,46,47
0,1,6,20,38,54,68,85,86,87,88,89,90,91,92,93
0,1,7,23,36,43,44,45,46,47,48,49,50,51,52,52
0,1,7,22,41,43,44,45,46,47,48,61,62,63,64,65
0,1,7,13,14,15,16,17,18,19,20,31,32,33,34,38
0,1,6,21,35,40,41,42,43,44,45,46,47,48,49,50
0,1,6,20,36,41,42,43,44,45,46,47,48,49,50,51
0,1,2,3,4,5,6,7,8,9,10,11,12,13,14,15
0,1,7,24,26,27,28,29,30,31,32,33,34,50,70,74
0,1,6,23,24,25,26,27,28,29,30,31,32,33,34,64
0,1,6,26,34,35,36,37,38,39,40,41,42,43,44,45
0,1,6,21,22,23,24,25,26,27,28,29,30,31,51,57
0,1,5,22,38,39,40,41,42,43,44,45,46,47,48,49
0,1,6,14,15,16,17,18,19,20,21,22,23,24,25,26
0,1,6,18,24,25,26,27,28,46,47,48,49,50,51,77
0,1,8,20,21,22,23,24,25,26,27,38,44,45,46,47
0,1,2,3,4,5,6,7,8,9,10,11,12,13,16,17
0,1,7,11,12,13,14,15,16,17,18,27,28,29,30,31
0,1,7,13,14,15,16,47,48,49,50,51,52,53,54,72
0,1,5,15,16,17,18,19,20,21,22,23,24,25,86,87
0,1,5,9,10,11,12,13,14,15,16,22,35,36,37,38
0,1,6,11,12,13,14,15,16,17,18,19,20,21,22,23
0,1,6,23,40,45,46,47,48,49,50,51,52,53,54,84
0,1,7,21,37,39,40,41,42,43,48,49,50,51,52,65
0,1,5,21,30,31,32,33,34,35,36,37,38,39,40,41
0,1,2,3,4,5,6,7,8,9,10,11,12,13,14,15
0,1,7,24,31,32,33,34,35,36,37,38,39,40,51,68
0,1,6,7,8,9,10,11,12,13,14,15,16,17,18,19
0,1,5,22,34,35,36,37,38,39,40,41,42,43,44,45
0,1,6,7,8,9,10,11,12,13,14,15,16,17,18,23
0,1,5,21,32,33,52,53,54,55,56,57,58,59,60,61
0,1,6,22,33,34,35,36,37,38,39,40,41,42,43,44
0,1,7,13,14,15,16,17,24,25,26,27,28,29,30,31
0,1,6,17,18,19,20,21,22,23,24,25,26,27,28,29
0,1,5,7,8,9,10,11,12,13,14,15,16,17,18,19
0,1,5,20,33,45,46,47,48,49,50,51,52,53,81,85
0,1,6,21,31,32,33,34,35,36,37,38,39,40,41,42
0,1,5,17,32,48,49,50,51,52,53,54,55,56,57,58
0,1,6,19,22,23,24,25,26,27,28,29,30,31,32,33
0,1,5,6,7,8,9,10,11,12,13,14,15,16,17,18
0,1,5,13,14,15,16,17,18,19,20,21,22,23,24,25
0,1,6,20,40,47,48,49,50,51,52,53,54,55,56,57
0,1,8,21,40,42,43,44,45,46,47,48,49,50,63,67
0,1,7,23,35,42,43,44,45,46,47,48,49,50,51,52
0,1,5,22,28,29,30,31,32,33,34,35,36,51,70,71
0,1,7,21,38,48,49,50,51,52,53,54,55,56,57,59
0,1,9,24,36,37,38,44,45,46,47,48,55,56,57,58
0,1,7,12,13,14,15,16,17,18,19,20,21,22,31,32
0,1,6,21,30,31,32,33,34,35,36,37,38,39,40,41
0,1,5,24,36,42,43,44,45,46,47,48,49,50,51,52
0,1,5,22,25,26,27,28,29,30,31,32,33,34,35,36
0,1,6,10,11,12,13,14,15,16,31,32,33,51,63,64
0,1,2,3,4,5,6,7,8,9,10,11,12,13,18,27
0,1,8,22,25,26,27,28,29,30,31,32,33,34,35,36
0,1,5,20,37,38,39,40,41,56,57,58,59,60,61,62
0,1,6,22,33,34,35,36,43,44,45,46,47,48,49,50
0,1,9,23,24,25,26,27,28,29,30,31,32,33,38,50
0,1,5,12,13,14,15,16,17,18,19,41,42,43,48,64
0,1,7,16,17,18,19,20,21,22,23,24,25,26,27,28
0,1,7,24,33,34,35,36,37,38,39,40,41,42,43,44
0,1,5,7,8,9,10,11,12,13,31,32,33,34,35,63
0,1,6,25,38,46,47,48,49,50,51,52,53,54,55,56
0,1,6,11,27,30,31,32,33,34,35,36,37,38,39,53
0,1,8,21,22,23,24,25,26,27,37,38,39,40,42,43
0,1,6,21,35,39,40,41,42,43,44,45,46,47,48,49
0,1,7,20,21,22,23,24,25,26,27,28,29,30,31,68
0,1,6,22,35,46,47,48,49,50,51,52,53,54,55,56
0,1,6,23,29,30,31,32,33,34,35,36,37,38,39,40
0,1,7,20,36,44,45,46,47,48,49,50,51,52,53,54
0,1,6,19,33,34,35,36,37,38,39,40,41,42,43,44
0,1,7,21,32,33,34,35,36,37,38,39,40,41,42,43
0,1,5,18,33,37,38,39,40,41,42,43,44,62,77,86
0,1,8,23,39,47,48,49,50,51,52,53,54,55,56,60
0,1,6,18,31,41,42,43,44,45,46,47,48,49,50,51
0,1,6,19,20,21,22,23,24,25,26,27,28,29,30,31
0,1,6,19,35,54,56,57,58,59,60,61,62,63,64,79
0,1,2,3,4,5,6,7,8,9,10,11,12,13,14,23
0,1,7,20,35,48,49,55,58,61,62,63,75,78,79,80
0,1,2,3,4,5,6,7,8,9,10,22,37,38,39,40
0,1,7,21,35,36,37,38,39,40,41,42,43,44,45,46
0,1,7,23,36,37,38,39,40,41,42,43,44,45,59,70
0,1,2,3,4,5,6,7,8,9,10,11,12,13,14,15
0,1,11,16,17,18,19,20,21,22,23,24,25,26,27,28
0,1,7,20,21,22,23,24,25,26,27,28,29,30,31,32
0,1,5,6,7,8,9,10,11,12,21,22,23,32,33,34
0,1,5,6,7,8,9,10,11,12,17,27,28,29,30,31
0,1,7,22,25,26,27,28,29,30,31,32,33,34,35,36
0,1,2,3,4,5,7,22,35,47,48,49,50,51,52,53
0,1,7,23,30,31,32,33,34,62,63,64,65,66,67,68
0,1,7,19,21,22,23,24,25,26,27,28,29,30,31,32
0,1,6,19,26,27,28,29,30,31,32,33,34,35,36,37
0,1,7,20,25,26,27,28,29,30,31,32,33,34,35,36
0,1,7,23,35,46,47,48,49,50,51,52,53,54,55,56
0,1,6,20,33,49,52,53,54,55,56,57,58,59,60,61
0,1,5,17,32,50,65,67,82,84,85,86,87,88,89,109
0,1,5,19,33,50,53,54,55,56,57,58,59,60,61,62
0,1,6,21,37,38,39,40,41,42,43,44,45,65,77,78
0,1,2,3,4,5,16,24,25,26,27,28,29,30,31,32
0,1,7,10,11,12,13,14,15,16,17,18,19,20,21,22
0,1,6,21,25,26,30,34,35,36,37,38,39,40,41,42
0,1,7,17,18,19,20,21,52,55,56,57,58,59,60,61
0,1,8,13,14,15,16,17,18,19,20,21,22,23,24,25
0,1,3,4,14,15,16,17,18,33,34,41,42,43,44,64
0,1,6,23,26,28,30,31,32,33,34,35,36,37,38,39
0,1,5,19,27,28,29,30,31,32,33,34,35,36,37,38
0,1,7,22,38,39,40,41,42,43,44,45,46,47,48,50
0,1,7,22,27,28,29,30,31,34,35,36,37,38,43,54
0,1,7,17,18,19,20,21,22,23,24,25,26,27,28,35
0,1,6,21,27,28,41,44,45,46,47,48,49,50,51,52
0,1,6,12,13,14,15,16,17,18,19,20,21,31,32,33
0,1,6,22,23,24,25,26,27,28,29,30,31,32,33,34
0,1,2,3,4,5,6,7,8,9,10,11,12,13,14,15
0,1,5,21,22,23,24,25,26,27,28,29,30,31,32,33
0,1,6,19,32,39,40,41,42,43,44,49,50,51,52,53
0,1,7,19,20,21,22,23,24,53,68,77,78,79,80,81
0,1,6,23,30,31,32,33,34,35,36,37,38,39,40,41
0,1,5,14,15,16,17,18,19,20,21,22,23,24,29,30
0,1,5,7,8,9,10,11,12,13,14,15,16,17,18,34
0,1,7,19,30,31,32,33,34,35,36,37,38,39,40,41
0,1,7,22,38,39,40,41,42,46,48,49,50,51,52,53
0,1,7,21,35,40,41,42,43,44,45,46,47,48,49,60
0,1,8,26,38,39,40,41,42,47,48,49,50,51,52,53
0,1,2,3,4,5,6,7,8,9,14,31,49,51,52,53
0,1,6,14,15,16,17,25,26,27,28,29,30,34,61,78
0,1,5,18,19,20,21,22,23,24,39,51,53,54,55,56
0,1,5,11,12,13,14,15,16,17,18,33,47,61,62,67
0,1,5,6,7,8,9,10,11,12,13,16,17,18,19,20
0,1,5,19,35,50,54,55,56,57,62,63,64,65,68,81
0,1,7,22,34,35,36,37,38,39,40,41,42,43,44,56
0,1,2,3,4,19,34,35,36,37,38,39,40,41,42,43
0,1,6,19,37,48,49,50,51,52,53,54,55,56,57,58
0,1,6,8,9,10,11,12,13,25,39,52,70,86,91,96
0,1,7,18,19,20,21,22,23,24,25,26,27,28,29,30
0,1,7,23,36,39,40,41,42,43,44,45,46,47,48,49
0,1,5,17,24,25,26,51,52,53,54,55,56,57,58,59
0,1,6,20,24,25,26,27,28,29,30,31,32,33,34,35
0,1,6,22,34,35,36,37,38,39,40,41,42,43,44,45
0,1,7,12,13,14,15,16,17,18,19,20,21,22,23,24
0,1,2,3,4,5,6,7,8,9,34,35,36,37,81,82
0,1,8,9,10,11,12,13,14,15,16,17,18,19,20,30
0,1,6,21,35,36,37,38,39,40,41,42,56,57,58,59
0,1,7,20,28,29,30,31,32,33,34,35,36,37,38,39
0,1,5,13,14,15,16,17,18,19,20,21,22,42,43,44
0,1,5,14,15,16,17,18,19,20,21,22,23,24,25,26
0,1,7,26,31,32,38,53,56,57,58,59,60,61,62,63
0,1,6,18,21,22,23,24,25,26,27,28,29,30,31,32
0,1,5,12,13,14,15,22,29,30,31,32,33,34,35,36
0,1,6,8,9,10,11,12,13,14,28,29,30,31,37,38
0,1,2,3,4,5,6,7,8,9,10,11,19,34,53,54
0,1,7,23,37,54,67,68,69,70,72,73,74,75,76,77
0,1,3,4,5,6,7,8,9,10,11,12,13,14,15,16
0,1,6,17,18,19,20,21,22,23,24,25,26,27,28,29
0,1,6,19,29,30,31,32,33,34,35,36,37,38,39,40
0,1,7,24,41,47,48,49,50,51,52,53,54,55,56,63
0,1,5,21,31,32,33,34,35,36,37,38,39,40,41,42
0,1,8,13,14,15,16,17,18,19,20,21,22,23,24,25
0,1,7,9,10,20,27,28,29,30,31,32,33,34,35,36
0,1,5,23,32,33,34,35,36,37,38,39,40,41,42,43
0,1,5,22,28,29,30,31,32,33,34,35,36,37,38,39
0,1,6,13,14,18,19,20,21,22,23,30,31,32,33,49
0,1,6,20,33,45,46,47,48,49,50,51,52,53,66,80
0,1,6,21,39,48,49,50,51,52,66,67,68,69,70,71
0,1,5,22,36,39,40,41,42,43,44,45,46,47,48,55
0,1,6,18,33,34,35,36,37,38,39,40,41,42,43,61
0,1,5,6,7,8,9,10,11,12,13,14,29,54,59,60
0,1,6,14,15,16,39,52,53,54,55,63,64,65,66,67
0,1,6,22,36,37,38,39,40,41,42,43,44,45,46,47
0,1,6,21,30,31,32,33,34,35,36,37,38,39,40,41
0,1,9,24,40,53,54,55,56,62,63,64,65,66,67,68
0,1,6,15,16,17,18,19,20,21,22,29,30,31,41,42
0,1,6,14,15,20,21,30,31,32,33,34,35,36,37,38
0,1,6,20,35,36,37,38,39,40,45,46,47,48,49,52
0,1,9,22,36,37,38,39,40,41,42,43,44,45,50,68
0,1,5,20,32,35,36,37,38,39,40,41,42,43,44,45
0,1,7,16,17,18,19,20,21,22,23,24,25,26,27,28
0,1,2,3,4,5,6,7,8,9,22,33,34,35,36,49
0,1,4,5,6,7,8,9,10,11,12,13,14,15,16,17
0,1,6,11,12,13,14,15,16,17,18,19,20,21,22,23
0,1,7,13,14,15,16,17,18,19,20,21,22,23,24,25
0,1,5,20,35,52,59,60,61,62,63,64,65,66,67,68
0,1,6,20,31,38,39,40,41,42,43,44,45,49,50,51
0,1,7,22,33,34,35,36,37,38,39,53,54,55,56,57
0,1,9,22,46,62,70,71,72,73,74,75,76,77,90,95
0,1,6,22,36,49,50,51,52,53,54,55,56,57,58,59
0,1,6,17,22,23,24,25,26,27,28,29,30,31,32,33
0,1,7,19,20,21,22,25,41,42,43,44,45,46,47,48
0,1,8,26,41,52,53,54,55,56,57,58,59,60,72,73
0,1,2,3,4,5,6,7,8,9,10,11,12,13,14,27
0,1,5,6,7,8,9,10,11,12,13,39,40,41,42,43
0,1,3,4,5,6,7,8,9,9,9,9,9,9,9,9
0,1,2,3,4,5,6,7,8,9,10,11,12,13,14,28
0,1,7,22,39,54,61,62,63,64,65,66,67,68,69,76
0,1,6,19,20,21,22,23,24,25,26,27,39,40,41,42
0,1,6,12,13,14,15,16,32,33,34,35,36,37,38,39
0,1,5,22,39,48,49,50,51,52,53,54,55,56,61,67
0,1,6,20,34,50,52,53,54,55,56,57,58,59,60,61
0,1,7,9,10,11,12,13,14,15,16,17,18,46,47,49
0,1,7,10,11,12,19,24,25,26,27,28,29,30,31,32
0,1,2,3,4,5,6,7,8,31,40,41,42,43,44,45
0,1,5,21,25,26,27,28,29,30,31,32,33,34,35,36
0,1,8,19,20,21,22,23,24,25,26,27,28,29,30,31
0,1,5,21,22,23,24,25,26,27,28,29,30,31,32,33
0,1,7,25,32,33,34,35,36,37,38,39,40,41,42,43
0,1,5,6,7,8,9,10,11,12,13,14,15,16,17,56
0,1,7,21,22,23,24,25,26,27,28,29,30,36,37,38
0,1,6,18,19,20,21,34,38,39,41,62,65,66,69,74
0,1,5,23,39,49,50,51,52,53,54,55,56,57,58,59
0,1,5,17,18,19,20,21,22,23,24,25,26,27,28,29
0,1,6,19,35,36,37,38,39,48,49,50,51,52,53,54
0,1,6,19,38,47,48,49,50,51,52,53,54,55,56,57
0,1,6,24,37,38,39,40,41,42,43,44,45,46,47,48
0,1,4,22,23,24,25,26,27,28,29,31,32,33,43,44
0,1,5,23,37,38,39,40,41,42,43,44,45,46,47,48
0,1,6,20,26,27,28,29,30,31,32,33,34,35,36,37
0,1,7,21,24,25,26,27,28,29,30,31,32,33,34,38
0,1,7,16,17,18,19,20,21,22,23,24,25,26,27,28
0,1,7,17,18,19,20,21,22,23,24,25,26,50,65,66
0,1,7,9,10,11,12,13,14,15,16,17,18,19,20,21
0,1,6,20,33,34,35,36,37,38,39,40,41,42,46,54
0,1,6,23,26,27,28,29,30,31,32,33,34,55,56,57
0,1,8,22,33,34,35,36,37,38,39,40,41,42,43,44
0,1,7,22,36,42,43,44,45,46,47,48,49,50,51,52
0,1,7,13,14,15,26,50,51,52,53,54,55,56,57,58
0,1,6,20,35,52,56,76,77,78,79,80,81,96,99,111
0,1,7,21,33,34,35,36,37,38,39,40,41,42,49,50
0,1,3,4,5,6,7,8,9,10,11,12,13,14,15,16
0,1,8,14,15,16,17,18,19,20,21,22,23,24,27,28
0,1,2,3,4,5,6,7,8,9,10,11,12,13,14,30
0,1,7,23,32,33,34,35,36,37,38,39,40,41,42,43
0,1,6,22,38,54,55,56,57,58,59,60,62,63,64,65
0,1,6,19,31,32,33,34,35,36,37,38,39,40,41,42
0,1,6,12,13,14,15,16,17,18,19,20,23,24,25,26
0,1,7,23,38,42,43,44,45,46,60,61,62,63,64,65
0,1,8,25,40,44,45,46,47,48,49,50,51,52,53,69
0,1,6,20,22,23,24,25,26,27,28,29,30,31,32,33
0,1,6,19,23,24,25,26,27,28,29,30,31,35,36,43
0,1,6,8,9,10,11,12,13,14,15,16,17,18,19,20
0,1,7,19,28,29,30,31,32,33,34,35,36,37,38,39
0,1,6,7,8,9,10,11,12,13,14,15,16,35,49,50
0,1,6,18,19,20,21,22,23,24,25,33,45,46,47,48
0,1,6,8,21,37,45,46,47,48,49,57,65,66,67,68
0,1,6,21,36,37,38,39,40,41,42,43,44,45,46,47
0,1,7,15,16,17,18,19,30,35,36,38,53,54,59,62
0,1,7,21,28,29,30,31,40,41,42,43,44,45,46,47
0,1,5,19,28,29,30,31,32,33,34,35,36,48,49,67
0,1,7,23,34,35,36,37,38,39,40,41,42,43,44,45
0,1,6,21,33,34,35,36,37,38,39,40,41,42,43,44
0,1,7,20,31,32,33,34,35,36,37,38,39,40,41,42
0,1,9,22,39,58,61,62,63,64,65,66,67,68,87,101
0,1,8,24,41,42,43,44,45,46,47,48,49,50,51,52
0,1,8,24,39,55,56,57,58,59,60,61,62,73,74,75
0,1,6,24,38,45,46,47,48,49,50,51,69,80,81,82
0,1,9,22,24,25,26,27,28,29,30,31,32,33,69,70
0,1,8,21,31,32,33,34,35,36,37,38,46,47,53,57
0,1,6,12,13,14,15,16,17,18,19,20,21,22,23,24
0,1,6,17,18,19,20,21,22,23,24,25,26,27,28,34
0,1,6,23,34,35,36,37,38,39,40,41,42,43,44,45
0,1,6,19,20,21,22,23,24,25,26,27,28,35,50,67
0,1,6,20,31,32,33,34,35,36,37,38,39,40,41,42
0,1,2,3,4,5,6,7,8,9,10,11,12,31,32,33
0,1,7,19,30,44,47,48,49,50,51,52,53,54,55,56
0,1,6,21,27,28,53,54,55,56,57,58,59,60,61,62
0,1,6,15,16,17,18,19,20,21,22,23,24,25,26,27
0,1,8,21,33,34,35,36,37,38,39,40,41,42,43,44
0,1,6,20,32,33,34,35,36,37,38,39,40,41,42,57
0,1,8,20,36,41,42,43,44,45,46,47,58,71,83,84
0,1,8,18,19,20,21,22,23,24,25,26,27,28,29,30
0,1,7,24,36,51,65,73,74,75,76,77,78,79,80,81
0,1,4,5,6,7,8,26,34,35,36,37,38,39,40,41
0,1,2,3,4,5,6,7,8,9,10,11,12,24,31,32
0,1,7,23,29,40,45,46,47,48,49,50,51,52,53,54
0,1,5,7,8,9,10,11,12,13,14,15,20,27,28,37
0,1,7,20,22,23,24,25,26,27,28,29,30,31,32,33
0,1,5,22,25,26,27,28,29,30,31,32,33,34,35,36
0,1,5,19,36,42,43,44,45,46,47,48,49,50,51,52
0,1,6,24,32,33,34,35,36,37,38,39,40,41,42,43
0,1,6,23,33,34,35,36,37,38,39,40,41,42,43,60
0,1,5,21,35,36,41,42,43,44,45,46,47,48,49,56
0,1,6,21,34,35,36,37,38,39,40,41,42,43,44,45
0,1,7,19,26,27,28,29,30,31,32,33,34,40,56,67
0,1,6,17,18,19,20,21,22,23,24,25,26,27,28,29
0,1,6,21,34,47,51,52,53,54,55,56,57,58,59,60
0,1,5,6,7,8,9,10,11,12,13,14,15,16,17,18
0,1,6,26,28,29,30,31,32,33,34,44,45,46,47,48
0,1,7,22,24,25,26,27,28,29,52,53,54,55,56,70
0,1,5,6,7,8,9,10,11,12,13,14,15,22,40,41
0,1,5,7,8,9,10,11,12,13,14,15,16,17,47,48
0,1,6,7,8,9,10,11,12,13,14,15,16,17,18,19
0,1,7,23,26,27,28,29,30,31,32,33,34,35,36,49
0,1,7,24,40,53,54,55,56,57,58,59,65,66,67,68
0,1,7,9,10,11,19,20,21,22,23,24,25,26,30,40
0,1,2,3,4,5,6,7,8,9,10,11,12,25,28,29
0,1,6,20,36,51,56,57,59,62,63,64,65,66,73,74
0,1,6,21,35,36,37,38,39,40,41,42,43,44,45,46
0,1,6,16,17,18,19,20,21,22,23,27,30,31,32,53
0,1,7,17,18,19,20,21,22,23,25,42,57,58,59,63
0,1,2,3,4,5,21,26,27,28,29,30,31,32,33,34
0,1,5,24,40,48,49,50,51,52,53,54,55,56,57,58
0,1,7,20,24,25,26,27,28,29,30,31,32,33,34,35
0,1,7,20,33,43,44,45,46,47,48,49,50,51,52,53
0,1,6,23,41,53,54,55,56,57,58,59,60,61,62,80
0,1,6,20,26,27,28,29,30,31,32,33,34,35,36,37
0,1,7,24,30,31,32,33,34,35,36,37,38,39,40,41
0,1,7,20,34,48,64,66,67,68,69,70,71,72,73,74
0,1,6,18,34,35,36,37,38,39,40,41,42,43,44,45
0,1,4,5,6,7,8,9,10,11,12,13,14,15,16,17
0,1,7,22,39,44,45,46,47,48,49,50,51,52,53,54
0,1,6,21,36,52,56,57,58,59,60,61,62,63,64,68
0,1,5,18,23,24,25,26,27,28,29,30,31,32,33,43
0,1,6,20,36,50,51,52,53,64,65,71,72,73,74,75
0,1,7,23,36,38,39,40,41,42,43,44,45,46,47,48
0,1,8,13,14,15,16,17,18,19,20,21,22,23,37,50
0,1,5,21,36,40,41,42,43,44,45,46,47,78,79,80
0,1,6,22,26,27,28,29,38,43,69,70,71,72,73,74
0,1,7,19,20,21,22,23,24,25,26,27,28,29,30,31
0,1,4,5,6,7,8,9,10,11,12,13,14,15,16,17
0,1,7,21,22,36,37,38,39,40,41,42,43,44,45,46
0,1,8,22,39,54,55,56,57,58,59,60,61,62,63,64
0,1,6,18,31,32,33,34,35,36,37,38,39,48,65,70
0,1,7,23,29,30,31,32,33,34,35,36,37,38,39,40
0,1,6,18,31,40,41,42,43,44,45,46,47,48,49,50
0,1,5,18,27,28,29,30,31,32,33,34,35,36,37,41
0,1,3,4,5,6,7,8,9,10,11,12,13,14,15,18
0,1,7,22,27,28,29,30,31,32,33,50,52,53,54,55
0,1,5,22,29,30,31,32,33,34,35,36,37,38,39,40
0,1,6,19,22,23,24,29,45,47,48,49,50,51,52,53
0,1,4,5,6,7,8,9,10,11,12,13,14,15,16,17
0,1,8,24,40,41,42,43,44,45,46,47,48,49,50,51
0,1,6,23,24,25,26,27,28,29,30,44,45,46,47,61
0,1,5,19,20,21,22,23,24,25,26,27,28,29,30,31
0,1,6,19,36,42,43,44,45,46,47,48,49,50,51,52
0,1,6,22,23,24,25,26,27,28,29,30,31,32,33,34
0,1,6,8,9,10,11,12,13,14,15,16,17,18,19,21
0,1,7,12,13,14,15,16,17,18,19,20,25,41,57,62
0,1,2,3,4,5,6,7,8,9,10,11,12,13,14,21
0,1,6,22,28,29,30,31,32,33,34,35,36,37,38,39
0,1,6,13,14,15,16,17,18,19,20,21,22,39,44,51
0,1,5,25,40,50,51,52,53,54,55,56,57,58,59,60
0,1,7,19,20,21,22,33,34,35,36,37,38,39,40,41
0,1,7,8,9,10,11,12,13,14,15,16,17,18,19,20
0,1,6,21,34,38,39,40,41,42,43,44,45,46,47,48
0,1,5,19,23,24,25,26,27,28,29,38,54,55,56,57
0,1,6,9,10,11,12,13,14,15,16,17,18,19,20,22
0,1,6,24,31,32,33,34,35,36,37,38,39,54,55,63
0,1,6,23,31,32,33,34,35,36,37,38,52,53,54,57
0,1,5,17,21,22,23,24,25,26,27,28,29,30,31,32
0,1,6,20,29,30,31,32,33,34,35,36,37,38,39,40
0,1,3,4,5,6,7,8,9,16,38,52,53,54,55,56
0,1,6,20,21,22,23,24,25,26,27,28,29,30,31,32
0,1,6,20,36,51,54,55,56,57,58,59,60,61,99,100
0,1,2,3,4,5,6,7,8,9,10,11,12,13,14,15
0,1,7,25,26,38,41,42,43,44,45,46,47,48,49,53
0,1,5,19,21,22,23,24,25,26,27,28,29,30,31,32
0,1,7,18,19,20,21,22,23,24,25,26,27,28,29,30
0,1,5,9,10,11,12,13,14,15,16,17,18,19,20,21
0,1,6,19,27,28,29,30,31,32,39,40,41,42,50,51
0,1,4,5,6,13,28,36,37,38,39,40,41,42,43,44
0,1,5,10,11,12,13,14,15,16,17,18,19,20,21,22
0,1,6,22,36,45,46,47,48,49,50,51,52,53,54,55
0,1,6,20,32,38,39,40,41,42,43,44,45,46,47,48
0,1,5,17,18,19,20,21,22,23,24,25,26,27,28,29
0,1,8,15,16,17,18,19,20,21,22,23,24,25,41,42
0,1,5,6,7,8,9,10,11,12,13,14,15,16,17,18
0,1,8,21,35,43,44,45,46,47,48,49,50,51,52,53
0,1,6,20,32,41,42,43,44,45,46,47,48,49,50,51
0,1,6,22,37,38,39,40,41,42,43,44,45,46,51,52
0,1,7,24,28,29,30,31,32,33,34,35,36,37,38,39
0,1,6,23,39,49,50,51,52,54,56,57,58,59,60,61
0,1,7,15,16,17,18,19,20,21,22,23,24,25,26,27
0,1,5,20,28,29,30,31,32,38,39,40,41,42,43,44
0,1,6,14,15,16,17,18,19,20,21,22,23,24,25,43
0,1,6,11,12,13,14,15,16,17,18,32,44,45,46,66
0,1,8,22,27,28,29,30,31,32,33,34,35,36,45,60
0,1,6,21,24,25,40,47,48,49,74,75,76,77,78,79
0,1,6,19,24,25,26,27,28,29,30,31,32,33,34,35
0,1,8,23,36,52,65,66,67,68,69,70,71,72,73,74
0,1,6,17,18,19,20,21,22,23,24,25,26,33,48,64
0,1,2,3,4,5,6,10,35,46,47,48,49,50,51,52
0,1,8,19,20,21,22,23,24,25,26,27,28,29,54,55
0,1,7,23,24,25,26,27,28,29,30,31,32,33,34,35
0,1,8,23,35,36,37,38,39,40,41,42,43,44,45,46
0,1,6,19,20,21,22,26,41,42,43,44,45,46,47,48
0,1,6,23,39,48,49,50,51,55,56,57,58,59,60,72
0,1,7,24,25,26,27,28,29,30,31,32,33,34,35,36
0,1,2,3,4,5,6,7,8,9,10,11,12,13,26,39
0,1,5,9,19,20,21,22,23,24,25,26,27,28,29,32
0,1,6,7,8,9,10,11,12,13,14,15,16,17,18,19
0,1,7,20,21,22,23,24,25,26,27,28,29,30,31,32
0,1,7,21,37,57,65,66,67,68,69,70,71,80,97,101
0,1,5,12,13,14,15,16,17,18,19,20,21,22,23,24
0,1,6,20,34,35,36,37,38,39,40,41,42,43,44,45
0,1,7,17,18,19,20,21,22,23,24,25,26,27,28,29
0,1,6,19,30,31,32,33,34,35,36,40,41,42,43,44
0,1,5,6,7,8,9,10,11,12,13,14,15,16,46,47
0,1,7,21,24,25,26,27,28,29,30,31,32,33,34,35
0,1,6,21,22,23,32,33,34,35,36,37,38,67,81,82
0,1,5,25,31,32,33,34,35,36,37,38,39,40,41,42
0,1,3,4,5,6,7,8,9,10,11,12,13,15,28,39
0,1,5,21,34,38,39,40,41,42,43,44,45,46,47,48
0,1,7,16,17,18,19,20,21,22,23,24,25,26,27,28
0,1,6,12,13,14,15,16,17,18,19,20,21,22,23,24
0,1,2,3,4,5,6,7,40,41,42,43,54,55,56,57
0,1,6,19,36,38,39,40,41,42,49,50,51,52,53,54
0,1,6,12,13,14,15,16,17,18,19,20,29,36,37,38
0,1,6,21,31,32,33,34,35,36,37,38,39,40,41,42
0,1,7,14,15,16,17,18,19,20,21,38,53,54,55,56
0,1,7,20,36,47,48,49,50,51,52,53,54,55,56,57
0,1,7,23,37,50,51,52,53,54,55,56,57,58,60,71
0,1,7,18,19,31,32,33,34,52,53,54,55,56,57,58
0,1,7,21,38,53,58,59,60,61,62,63,64,65,66,67
0,1,4,5,6,25,26,27,28,29,30,31,32,33,34,37
0,1,7,20,21,22,23,24,25,26,27,28,29,30,35,38
0,1,8,25,27,28,29,30,31,32,33,34,35,36,37,38
0,1,7,22,31,32,33,34,35,36,37,38,39,40,41,42
0,1,7,12,13,14,15,16,17,18,19,20,21,22,23,24
0,1,9,23,33,34,35,36,37,38,39,45,46,47,48,49
0,1,5,16,17,18,19,20,21,22,23,24,25,26,44,45
0,1,5,21,38,39,40,41,42,43,44,45,46,47,48,55
0,1,7,17,18,19,20,21,22,23,24,25,33,42,43,70
0,1,2,3,4,5,6,7,8,9,10,11,12,13,14,15
0,1,6,24,35,36,37,38,39,40,41,69,86,93,94,96
0,1,6,20,30,31,32,33,34,35,36,37,38,39,66,67
0,1,2,3,4,5,6,7,8,9,10,11,12,13,14,23
0,1,6,22,41,57,61,62,63,64,65,66,67,68,69,70
0,1,6,20,22,23,24,25,26,27,28,34,47,52,53,66
0,1,6,19,37,54,55,56,57,58,59,60,61,62,63,64
0,1,7,22,40,41,42,43,44,45,46,47,48,49,50,51
0,1,7,11,12,13,14,15,16,17,18,19,20,24,43,45
0,1,5,18,19,20,21,22,23,24,25,26,27,28,29,30
0,1,6,7,8,9,10,11,12,13,14,15,16,33,35,36
0,1,3,4,5,6,7,8,9,10,11,12,13,14,15,16
0,1,6,22,24,25,26,27,28,29,30,31,32,37,38,41
0,1,8,22,38,49,50,51,52,53,54,55,56,57,58,65
0,1,6,22,26,27,28,29,47,50,51,52,53,54,80,81
0,1,7,20,21,22,23,24,25,26,27,28,29,30,31,32
0,1,8,25,37,41,42,43,44,45,46,47,48,49,50,51
0,1,7,10,11,12,13,14,15,16,17,18,19,20,21,22
0,1,5,21,26,27,28,29,30,31,32,35,44,45,46,49
0,1,7,8,9,10,11,12,13,14,15,16,17,18,19,20
0,1,8,22,40,48,57,58,59,60,61,62,63,64,65,66
0,1,7,20,35,40,41,42,43,55,74,81,82,83,84,85
0,1,5,19,20,21,22,23,24,25,26,27,28,29,30,35
0,1,6,14,15,16,17,18,19,42,43,44,45,46,47,48
0,1,7,22,36,37,38,55,60,61,62,63,64,65,71,72
0,1,7,22,38,41,53,54,55,56,57,58,59,60,61,62
0,1,6,7,8,9,10,11,12,13,14,15,16,17,20,29
0,1,7,23,39,49,50,51,52,53,54,55,56,57,58,59
0,1,5,22,37,40,41,42,43,44,45,46,47,48,49,50
0,1,7,20,21,22,23,24,27,28,29,30,31,32,33,34
0,1,7,21,37,54,59,60,61,62,63,64,65,66,67,72
0,1,6,14,15,16,17,18,19,22,29,30,31,32,33,34
0,1,6,17,18,19,20,21,22,23,34,49,50,51,52,53
0,1,2,3,4,5,6,7,8,9,10,29,52,56,57,58
0,1,5,19,32,37,38,39,40,41,42,43,44,45,55,56
0,1,5,6,7,8,14,31,32,33,34,35,36,37,38,39
0,1,6,21,29,30,31,32,33,34,35,36,37,38,39,47
0,1,7,21,37,49,66,67,68,69,70,71,72,73,74,82
0,1,7,19,20,21,22,23,24,25,26,27,28,29,30,31
0,1,6,22,31,32,33,36,37,38,39,40,41,42,44,45
0,1,6,24,36,39,40,41,42,43,44,45,46,47,48,49
0,1,6,14,15,16,17,18,19,20,21,22,23,24,25,26
0,1,6,20,32,46,47,48,49,55,56,57,58,59,60,61
0,1,6,17,18,19,20,21,22,23,24,25,26,27,28,40
0,1,7,20,38,41,42,43,44,45,46,53,56,57,58,59
0,1,6,18,21,22,23,24,25,26,27,28,29,31,44,45
0,1,6,17,33,34,35,36,37,38,39,40,41,42,43,44
0,1,7,15,16,17,18,19,20,21,22,23,24,25,26,27
0,1,6,18,22,23,24,25,26,27,28,29,30,31,35,49
0,1,8,18,19,20,21,22,23,24,46,54,55,56,59,61
0,1,7,25,29,30,31,32,33,34,35,36,37,38,39,40
0,1,7,9,10,11,12,13,14,15,19,26,27,28,43,44
0,1,6,7,8,9,10,11,12,13,14,15,16,17,18,19
0,1,6,21,34,39,40,41,42,43,44,45,46,47,48,49
0,1,7,24,29,30,31,32,33,34,35,36,37,38,39,40
0,1,6,22,31,32,33,34,35,36,37,38,39,40,41,42
0,1,7,25,40,45,46,47,48,49,50,51,52,53,54,55
0,1,8,21,22,23,24,25,26,27,28,29,30,31,32,39
0,1,6,24,28,29,30,31,32,33,34,35,36,37,38,41
0,1,6,12,13,14,15,16,17,18,19,20,21,22,23,24
0,1,7,21,31,32,33,34,35,36,37,38,39,40,64,69
0,1,2,3,4,5,6,7,8,9,10,11,12,13,23,32
0,1,7,20,21,22,23,24,53,54,55,56,57,58,59,60
0,1,2,3,4,5,6,7,8,9,10,11,12,13,14,15
0,1,2,3,4,5,6,7,8,17,35,36,37,38,39,40
0,1,7,12,13,14,15,16,17,18,19,20,21,26,41,47
0,1,6,12,13,14,15,16,17,18,19,20,21,22,23,24
0,1,6,15,16,17,18,19,20,21,22,23,24,25,26,27
0,1,6,19,20,21,22,23,24,25,26,27,28,29,30,31
0,1,6,19,29,30,31,32,33,34,35,36,37,38,39,40
0,1,8,21,22,23,24,25,26,40,41,42,43,44,45,54
0,1,5,20,21,22,23,24,25,26,27,28,29,30,35,36
0,1,2,3,4,5,7,14,15,16,17,18,19,20,21,22
0,1,5,20,21,22,23,24,25,26,27,33,34,35,36,42
0,1,6,21,37,38,39,40,41,42,43,44,45,46,47,56
0,1,8,9,10,11,12,16,24,25,26,27,28,29,30,31
0,1,5,6,7,8,9,10,11,12,13,14,15,16,17,18
0,1,7,23,39,40,41,42,43,44,45,46,47,48,49,50
0,1,8,23,36,47,48,49,50,51,52,53,54,55,56,57
0,1,6,21,24,25,26,27,28,29,30,31,32,33,34,35
0,1,5,22,34,46,47,48,61,62,63,64,65,66,67,68
0,1,7,18,19,20,21,22,23,24,25,26,27,28,29,30
0,1,7,22,40,54,55,56,57,58,59,60,61,62,63,64
0,1,6,19,33,41,42,43,44,45,46,47,48,49,50,51
0,1,7,21,22,23,24,25,26,27,28,29,30,31,32,33
0,1,7,23,30,31,32,33,34,35,36,37,38,39,40,41
0,1,6,22,23,24,25,26,27,28,29,30,31,32,33,43
0,1,7,8,9,10,11,12,13,14,15,16,17,18,19,20
0,1,7,20,29,30,31,32,33,34,35,36,37,38,39,40
0,1,5,22,37,41,42,43,44,45,46,47,48,49,55,74
0,1,7,21,32,33,34,35,36,37,46,47,48,49,50,51
0,1,6,14,15,20,21,22,35,41,42,43,44,45,46,55
0,1,7,22,35,36,37,38,39,40,41,42,43,44,45,46
0,1,7,20,21,22,23,24,25,26,35,36,37,38,39,40
0,1,2,3,4,5,6,7,8,9,10,11,13,33,34,35
0,1,7,23,37,40,41,43,44,54,55,56,57,58,59,60
0,1,7,21,30,31,32,33,34,35,36,37,38,39,40,41
0,1,7,19,27,28,29,30,31,32,33,34,35,36,37,38
0,1,2,3,4,5,6,12,24,25,26,27,28,33,34,35
0,1,6,22,23,24,25,26,27,28,29,30,31,32,33,34
0,1,2,3,4,5,6,7,8,9,25,26,27,28,29,38
0,1,2,3,4,5,6,7,8,9,10,11,12,13,14,15
0,1,6,20,26,27,28,29,30,31,32,33,34,35,36,37
0,1,6,21,34,36,37,38,39,40,41,42,43,57,74,92
0,1,6,11,12,13,14,15,16,17,18,19,20,21,22,23
0,1,7,21,35,45,46,47,48,49,50,56,57,58,59,60
0,1,6,22,26,27,28,29,30,31,32,33,34,35,36,46
0,1,6,21,36,37,38,48,49,50,51,52,53,54,55,56
0,1,6,19,20,21,22,23,24,25,26,27,28,29,30,31
0,1,6,20,29,30,31,32,33,34,35,36,37,38,39,40
0,1,2,3,4,36,54,55,56,57,58,59,60,61,62,63
0,1,5,14,15,22,34,35,36,37,38,39,40,41,42,43
0,1,3,4,5,6,7,8,9,10,11,12,13,14,15,16
0,1,6,21,33,43,44,45,46,47,48,49,50,51,59,64
0,1,6,14,15,16,17,18,19,20,21,22,23,25,26,36
0,1,7,20,21,22,23,24,25,26,27,28,29,30,31,32
0,1,7,25,41,42,43,44,45,46,47,48,49,50,51,52
0,1,2,3,4,5,6,7,8,9,10,11,12,13,14,15
0,1,5,17,32,38,41,50,51,52,53,54,55,56,57,63
0,1,7,19,37,38,39,40,41,42,43,44,45,46,47,48
0,1,6,17,18,19,20,21,22,23,24,25,26,27,28,29
0,1,5,24,39,45,46,47,48,53,62,63,67,68,69,70
0,1,6,19,33,43,44,45,46,47,48,49,50,51,52,53
0,1,6,21,31,32,33,34,35,36,37,38,39,40,41,42
0,1,6,22,29,30,31,32,33,34,35,36,37,38,39,40
0,1,7,12,13,14,15,16,17,18,19,20,21,22,23,24
0,1,6,23,37,53,54,55,56,57,58,59,61,73,74,75
0,1,6,22,38,39,40,41,42,43,44,45,46,47,48,49
0,1,6,17,18,19,20,21,22,23,24,25,26,27,28,29
0,1,6,22,36,37,41,42,43,44,45,46,47,48,49,50
0,1,6,11,12,13,14,15,16,17,18,19,20,21,22,23
0,1,6,23,24,44,50,51,52,53,54,55,56,57,58,59
0,1,8,23,38,51,52,53,54,55,66,67,68,69,70,71
0,1,7,19,20,21,22,23,24,25,26,27,28,29,47,67
0,1,6,20,25,26,27,28,29,34,44,45,46,47,48,49
0,1,6,18,21,22,23,24,25,26,27,28,29,30,31,32
0,1,6,8,9,10,11,12,13,14,15,16,17,18,19,20
0,1,6,19,32,50,57,58,59,60,61,62,63,64,65,84
0,1,7,10,11,12,13,14,15,16,17,18,19,31,32,33
0,1,6,17,18,19,20,21,22,23,24,25,26,53,54,55
0,1,2,3,4,5,6,7,8,9,10,11,12,13,14,15
0,1,7,10,11,12,13,14,15,16,17,18,19,20,21,22
0,1,6,21,37,46,47,48,49,50,51,52,53,54,55,56
0,1,2,3,4,5,6,7,8,20,34,35,45,68,75,87
0,1,6,18,28,29,30,31,32,33,34,42,43,44,58,95
0,1,6,7,8,9,10,28,29,30,31,32,33,34,35,47
0,1,6,22,35,50,54,55,56,57,58,59,60,61,62,63
